LCRLength	HumanProteome	PR_ONLY	GR_ONLY	GRPR
0	0.7957617467940783	0.7761194029850746	0.9298245614035088	0.9012345679012346
1	0.7957617467940783	0.7761194029850746	0.9298245614035088	0.9012345679012346
2	0.7957617467940783	0.7761194029850746	0.9298245614035088	0.9012345679012346
3	0.7957617467940783	0.7761194029850746	0.9298245614035088	0.9012345679012346
4	0.7956627221864634	0.7761194029850746	0.9298245614035088	0.9012345679012346
5	0.7949695499331584	0.7761194029850746	0.9298245614035088	0.9012345679012346
6	0.792939545477051	0.7761194029850746	0.9298245614035088	0.9012345679012346
7	0.7908105164133287	0.7761194029850746	0.9298245614035088	0.9012345679012346
8	0.7861563598554241	0.7761194029850746	0.9298245614035088	0.9012345679012346
9	0.7790761004109521	0.7761194029850746	0.9298245614035088	0.9012345679012346
10	0.7646185076991633	0.7611940298507462	0.8947368421052632	0.8765432098765432
11	0.7475862751893846	0.746268656716418	0.8947368421052632	0.8518518518518519
12	0.7020349556864881	0.6716417910447762	0.8771929824561403	0.8518518518518519
13	0.6668812199831659	0.6716417910447762	0.8596491228070176	0.8518518518518519
14	0.6220230727335743	0.6119402985074627	0.8070175438596491	0.8271604938271605
15	0.5724117443184631	0.582089552238806	0.7543859649122807	0.8271604938271605
16	0.5265138386889142	0.5373134328358209	0.7543859649122807	0.8271604938271605
17	0.4843293558449275	0.5223880597014925	0.6842105263157895	0.8024691358024691
18	0.43892657325345347	0.47761194029850745	0.6140350877192983	0.7407407407407407
19	0.39847502104272914	0.44776119402985076	0.543859649122807	0.7037037037037037
20	0.3587166410853097	0.43283582089552236	0.5263157894736842	0.6790123456790124
21	0.32801901272466205	0.40298507462686567	0.5087719298245614	0.6296296296296297
22	0.2969252859335545	0.3880597014925373	0.49122807017543857	0.6172839506172839
23	0.27038669109273655	0.34328358208955223	0.49122807017543857	0.6172839506172839
24	0.2452344407585285	0.31343283582089554	0.49122807017543857	0.5679012345679012
25	0.22226073179185027	0.31343283582089554	0.45614035087719296	0.5432098765432098
26	0.20547606080110908	0.29850746268656714	0.42105263157894735	0.5308641975308642
27	0.18923602515225033	0.2835820895522388	0.42105263157894735	0.5308641975308642
28	0.17537258008615142	0.26865671641791045	0.40350877192982454	0.5061728395061729
29	0.16165767193147498	0.2537313432835821	0.40350877192982454	0.48148148148148145
30	0.15012130514432837	0.23880597014925373	0.40350877192982454	0.43209876543209874
31	0.13922859830667922	0.22388059701492538	0.3684210526315789	0.43209876543209874
32	0.12937564984898747	0.208955223880597	0.3684210526315789	0.43209876543209874
33	0.12026538594840817	0.19402985074626866	0.3508771929824561	0.43209876543209874
34	0.11065999900975393	0.19402985074626866	0.3333333333333333	0.41975308641975306
35	0.10442144873000941	0.19402985074626866	0.3157894736842105	0.41975308641975306
36	0.09852948457691736	0.19402985074626866	0.2982456140350877	0.41975308641975306
37	0.09189483586671288	0.19402985074626866	0.2807017543859649	0.4074074074074074
38	0.08659701935931079	0.19402985074626866	0.2807017543859649	0.4074074074074074
39	0.08134871515571619	0.1791044776119403	0.2631578947368421	0.37037037037037035
40	0.07560528791404664	0.1791044776119403	0.22807017543859648	0.3333333333333333
41	0.07060454522948953	0.16417910447761194	0.22807017543859648	0.32098765432098764
42	0.06669307322869733	0.16417910447761194	0.21052631578947367	0.30864197530864196
43	0.06347477348121008	0.16417910447761194	0.21052631578947367	0.30864197530864196
44	0.06015744912610784	0.16417910447761194	0.21052631578947367	0.30864197530864196
45	0.05718671089765807	0.16417910447761194	0.21052631578947367	0.2962962962962963
46	0.0542159726692083	0.16417910447761194	0.21052631578947367	0.2962962962962963
47	0.05139377135218102	0.16417910447761194	0.17543859649122806	0.2962962962962963
48	0.048819131554191215	0.16417910447761194	0.17543859649122806	0.2716049382716049
49	0.0464920532752389	0.16417910447761194	0.17543859649122806	0.2716049382716049
50	0.04441253651532406	0.16417910447761194	0.17543859649122806	0.24691358024691357
51	0.042630093578254195	0.16417910447761194	0.15789473684210525	0.2345679012345679
52	0.041342773679259294	0.11940298507462686	0.15789473684210525	0.20987654320987653
53	0.03906520770411447	0.11940298507462686	0.15789473684210525	0.20987654320987653
54	0.03728276476704461	0.08955223880597014	0.15789473684210525	0.19753086419753085
55	0.035648858741397234	0.08955223880597014	0.15789473684210525	0.16049382716049382
56	0.03436153884240234	0.08955223880597014	0.14035087719298245	0.16049382716049382
57	0.03287616972817745	0.08955223880597014	0.12280701754385964	0.14814814814814814
58	0.03109372679110759	0.08955223880597014	0.12280701754385964	0.14814814814814814
59	0.02980640689211269	0.08955223880597014	0.12280701754385964	0.14814814814814814
60	0.0	0.0	0.0	0.0
61	0.0	0.0	0.0	0.0
62	0.0	0.0	0.0	0.0
63	0.0	0.0	0.0	0.0
64	0.0	0.0	0.0	0.0
65	0.0	0.0	0.0	0.0
66	0.0	0.0	0.0	0.0
67	0.0	0.0	0.0	0.0
68	0.0	0.0	0.0	0.0
69	0.0	0.0	0.0	0.0
70	0.0	0.0	0.0	0.0
71	0.0	0.0	0.0	0.0
72	0.0	0.0	0.0	0.0
73	0.0	0.0	0.0	0.0
74	0.0	0.0	0.0	0.0
75	0.0	0.0	0.0	0.0
76	0.0	0.0	0.0	0.0
77	0.0	0.0	0.0	0.0
78	0.0	0.0	0.0	0.0
79	0.0	0.0	0.0	0.0
80	0.0	0.0	0.0	0.0
81	0.0	0.0	0.0	0.0
82	0.0	0.0	0.0	0.0
83	0.0	0.0	0.0	0.0
84	0.0	0.0	0.0	0.0
85	0.0	0.0	0.0	0.0
86	0.0	0.0	0.0	0.0
87	0.0	0.0	0.0	0.0
88	0.0	0.0	0.0	0.0
89	0.0	0.0	0.0	0.0
90	0.0	0.0	0.0	0.0
91	0.0	0.0	0.0	0.0
92	0.0	0.0	0.0	0.0
93	0.0	0.0	0.0	0.0
94	0.0	0.0	0.0	0.0
95	0.0	0.0	0.0	0.0
96	0.0	0.0	0.0	0.0
97	0.0	0.0	0.0	0.0
98	0.0	0.0	0.0	0.0
99	0.0	0.0	0.0	0.0
100	0.0	0.0	0.0	0.0
101	0.0	0.0	0.0	0.0
102	0.0	0.0	0.0	0.0
103	0.0	0.0	0.0	0.0
104	0.0	0.0	0.0	0.0
105	0.0	0.0	0.0	0.0
106	0.0	0.0	0.0	0.0
107	0.0	0.0	0.0	0.0
108	0.0	0.0	0.0	0.0
109	0.0	0.0	0.0	0.0
110	0.0	0.0	0.0	0.0
111	0.0	0.0	0.0	0.0
112	0.0	0.0	0.0	0.0
113	0.0	0.0	0.0	0.0
114	0.0	0.0	0.0	0.0
115	0.0	0.0	0.0	0.0
116	0.0	0.0	0.0	0.0
117	0.0	0.0	0.0	0.0
118	0.0	0.0	0.0	0.0
119	0.0	0.0	0.0	0.0
120	0.0	0.0	0.0	0.0
121	0.0	0.0	0.0	0.0
122	0.0	0.0	0.0	0.0
123	0.0	0.0	0.0	0.0
124	0.0	0.0	0.0	0.0
125	0.0	0.0	0.0	0.0
126	0.0	0.0	0.0	0.0
127	0.0	0.0	0.0	0.0
128	0.0	0.0	0.0	0.0
129	0.0	0.0	0.0	0.0
130	0.0	0.0	0.0	0.0
131	0.0	0.0	0.0	0.0
132	0.0	0.0	0.0	0.0
133	0.0	0.0	0.0	0.0
134	0.0	0.0	0.0	0.0
135	0.0	0.0	0.0	0.0
136	0.0	0.0	0.0	0.0
137	0.0	0.0	0.0	0.0
138	0.0	0.0	0.0	0.0
139	0.0	0.0	0.0	0.0
140	0.0	0.0	0.0	0.0
141	0.0	0.0	0.0	0.0
142	0.0	0.0	0.0	0.0
143	0.0	0.0	0.0	0.0
144	0.0	0.0	0.0	0.0
145	0.0	0.0	0.0	0.0
146	0.0	0.0	0.0	0.0
147	0.0	0.0	0.0	0.0
148	0.0	0.0	0.0	0.0
149	0.0	0.0	0.0	0.0
150	0.0	0.0	0.0	0.0
151	0.0	0.0	0.0	0.0
152	0.0	0.0	0.0	0.0
153	0.0	0.0	0.0	0.0
154	0.0	0.0	0.0	0.0
155	0.0	0.0	0.0	0.0
156	0.0	0.0	0.0	0.0
157	0.0	0.0	0.0	0.0
158	0.0	0.0	0.0	0.0
159	0.0	0.0	0.0	0.0
160	0.0	0.0	0.0	0.0
161	0.0	0.0	0.0	0.0
162	0.0	0.0	0.0	0.0
163	0.0	0.0	0.0	0.0
164	0.0	0.0	0.0	0.0
165	0.0	0.0	0.0	0.0
166	0.0	0.0	0.0	0.0
167	0.0	0.0	0.0	0.0
168	0.0	0.0	0.0	0.0
169	0.0	0.0	0.0	0.0
170	0.0	0.0	0.0	0.0
171	0.0	0.0	0.0	0.0
172	0.0	0.0	0.0	0.0
173	0.0	0.0	0.0	0.0
174	0.0	0.0	0.0	0.0
175	0.0	0.0	0.0	0.0
176	0.0	0.0	0.0	0.0
177	0.0	0.0	0.0	0.0
178	0.0	0.0	0.0	0.0
179	0.0	0.0	0.0	0.0
180	0.0	0.0	0.0	0.0
181	0.0	0.0	0.0	0.0
182	0.0	0.0	0.0	0.0
183	0.0	0.0	0.0	0.0
184	0.0	0.0	0.0	0.0
185	0.0	0.0	0.0	0.0
186	0.0	0.0	0.0	0.0
187	0.0	0.0	0.0	0.0
188	0.0	0.0	0.0	0.0
189	0.0	0.0	0.0	0.0
190	0.0	0.0	0.0	0.0
191	0.0	0.0	0.0	0.0
192	0.0	0.0	0.0	0.0
193	0.0	0.0	0.0	0.0
194	0.0	0.0	0.0	0.0
195	0.0	0.0	0.0	0.0
196	0.0	0.0	0.0	0.0
197	0.0	0.0	0.0	0.0
198	0.0	0.0	0.0	0.0
199	0.0	0.0	0.0	0.0
200	0.0	0.0	0.0	0.0
201	0.0	0.0	0.0	0.0
202	0.0	0.0	0.0	0.0
203	0.0	0.0	0.0	0.0
204	0.0	0.0	0.0	0.0
205	0.0	0.0	0.0	0.0
206	0.0	0.0	0.0	0.0
207	0.0	0.0	0.0	0.0
208	0.0	0.0	0.0	0.0
209	0.0	0.0	0.0	0.0
210	0.0	0.0	0.0	0.0
211	0.0	0.0	0.0	0.0
212	0.0	0.0	0.0	0.0
213	0.0	0.0	0.0	0.0
214	0.0	0.0	0.0	0.0
215	0.0	0.0	0.0	0.0
216	0.0	0.0	0.0	0.0
217	0.0	0.0	0.0	0.0
218	0.0	0.0	0.0	0.0
219	0.0	0.0	0.0	0.0
220	0.0	0.0	0.0	0.0
221	0.0	0.0	0.0	0.0
222	0.0	0.0	0.0	0.0
223	0.0	0.0	0.0	0.0
224	0.0	0.0	0.0	0.0
225	0.0	0.0	0.0	0.0
226	0.0	0.0	0.0	0.0
227	0.0	0.0	0.0	0.0
228	0.0	0.0	0.0	0.0
229	0.0	0.0	0.0	0.0
230	0.0	0.0	0.0	0.0
231	0.0	0.0	0.0	0.0
232	0.0	0.0	0.0	0.0
233	0.0	0.0	0.0	0.0
234	0.0	0.0	0.0	0.0
235	0.0	0.0	0.0	0.0
236	0.0	0.0	0.0	0.0
237	0.0	0.0	0.0	0.0
238	0.0	0.0	0.0	0.0
239	0.0	0.0	0.0	0.0
240	0.0	0.0	0.0	0.0
241	0.0	0.0	0.0	0.0
242	0.0	0.0	0.0	0.0
243	0.0	0.0	0.0	0.0
244	0.0	0.0	0.0	0.0
245	0.0	0.0	0.0	0.0
246	0.0	0.0	0.0	0.0
247	0.0	0.0	0.0	0.0
248	0.0	0.0	0.0	0.0
249	0.0	0.0	0.0	0.0
250	0.0	0.0	0.0	0.0
251	0.0	0.0	0.0	0.0
252	0.0	0.0	0.0	0.0
253	0.0	0.0	0.0	0.0
254	0.0	0.0	0.0	0.0
255	0.0	0.0	0.0	0.0
256	0.0	0.0	0.0	0.0
257	0.0	0.0	0.0	0.0
258	0.0	0.0	0.0	0.0
259	0.0	0.0	0.0	0.0
260	0.0	0.0	0.0	0.0
261	0.0	0.0	0.0	0.0
262	0.0	0.0	0.0	0.0
263	0.0	0.0	0.0	0.0
264	0.0	0.0	0.0	0.0
265	0.0	0.0	0.0	0.0
266	0.0	0.0	0.0	0.0
267	0.0	0.0	0.0	0.0
268	0.0	0.0	0.0	0.0
269	0.0	0.0	0.0	0.0
270	0.0	0.0	0.0	0.0
271	0.0	0.0	0.0	0.0
272	0.0	0.0	0.0	0.0
273	0.0	0.0	0.0	0.0
274	0.0	0.0	0.0	0.0
275	0.0	0.0	0.0	0.0
276	0.0	0.0	0.0	0.0
277	0.0	0.0	0.0	0.0
278	0.0	0.0	0.0	0.0
279	0.0	0.0	0.0	0.0
280	0.0	0.0	0.0	0.0
281	0.0	0.0	0.0	0.0
282	0.0	0.0	0.0	0.0
283	0.0	0.0	0.0	0.0
284	0.0	0.0	0.0	0.0
285	0.0	0.0	0.0	0.0
286	0.0	0.0	0.0	0.0
287	0.0	0.0	0.0	0.0
288	0.0	0.0	0.0	0.0
289	0.0	0.0	0.0	0.0
290	0.0	0.0	0.0	0.0
291	0.0	0.0	0.0	0.0
292	0.0	0.0	0.0	0.0
293	0.0	0.0	0.0	0.0
294	0.0	0.0	0.0	0.0
295	0.0	0.0	0.0	0.0
296	0.0	0.0	0.0	0.0
297	0.0	0.0	0.0	0.0
298	0.0	0.0	0.0	0.0
299	0.0	0.0	0.0	0.0
300	0.0	0.0	0.0	0.0
